AL00	0	0	0	0	0	0
AT00	0	0	0	0	5105.100000000006	0
BA00	0	0	0	0	0	0
BE00	0	0	6650.175721000012	4065.9200000000255	9102.450000000015	5192.530000000013
BG00	0	0	0	0	0	0
CH00	0	0	0	0	0	0
CY00	0	0	0	0	0	0
CZ00	0	463.1600000000708	0	0	5806.310000000003	0
DE00	309323.746263001	200005.54388153204	378790.05242100026	826112.9296262641	434351.2741930005	427450.85610692226
DKE1	0	0	0	0	642.1500000000115	0
DKKF	0	0	0	0	0	0
DKW1	0	13.680000000000291	0	0	6254.420000000002	3061.1700000000183
EE00	309392.88061851135	338179.05459001847	361942.2091799872	488665.7232058099	322898.3371938673	385685.05381800013
EL00	0	0	0	0	0	0
EL03	0	0	0	0	0	0
ES00	0	0	0	0	0	0
FI00	17436984.005227983	19370071.245783713	21318966.47794431	23580666.185827494	17057450.65225238	23635015.508953325
FR00	0	0	0	0	0	0
FR15	345327.2375849992	255311.0151941091	268687.8507292456	323823.4530609983	400134.64828797325	195015.28391980592
HR00	0	0	0	0	0	0
HU00	0	0	0	0	0	0
IE00	0	0	0	0	0	0
ITCN	0	0	0	0	0	0
ITCS	0	0	0	0	0	0
ITN1	0	0	0	0	0	0
ITS1	0	0	0	0	0	0
ITSA	0	0	0	0	0	0
ITSI	0	0	0	0	0	0
LT00	109887.45702200002	111915.05344501015	109685.1811680001	179440.8862239275	120356.9762295773	131156.90370599987
LUG1	592	1576.88	592	1376	4417.950000000064	7421.871232000277
LV00	259662.79303600776	243464.01680800022	196312.3576261346	407132.25396255736	265689.8289522922	289481.45586560474
ME00	0	0	0	0	0	0
MK00	0	0	0	0	0	0
MT00	0	0	0	0	0	0
NL00	18601.80000000007	20067.920000000024	39739.33260000001	35147.35289200023	59020.88078600009	45292.73000000002
NOM1	2413585.6070573023	3132609.411032002	3063786.563771999	3757771.944138786	2956880.496077001	4056735.6590439994
NON1	2266204.186834881	2842915.59618662	3024276.9034890006	3538217.8230998716	2585903.069510714	3849649.1906
NOS0	6440163.460259584	8250667.175004006	8326148.040203369	10266439.034270002	7890277.62956747	10651563.990781985
PL00	0	0	0	0	5068.270000000033	8245.578739000077
PT00	0	0	0	0	0	0
RO00	79200.25520500014	68178.58262800013	0	27779.092249000194	17406.490919000073	0
RS00	0	0	0	0	0	0
SE01	241294.2420430001	339979.83991000016	352654.3559999999	375671.9350000001	301984.33800000005	453918.9151560001
SE02	403453.66776100016	566842.9110000002	620852.3000170002	652894.7689120001	499151.2930000002	732923.7320000003
SE03	1391867.8517430008	1814105.2819046103	2038468.1923465524	2240110.845337	1704982.349453621	2369278.801085001
SE04	315076.25838260417	452602.9788481013	532488.5906290003	555480.8276820005	406833.48458800005	605133.0471860004
SI00	0	0	0	0	0	0
SK00	0	0	0	0	0	0
TR00	207918515.83599976	189258942.40499932	176028921.0940005	178332532.32800004	231628105.34999967	136040819.9580004
UA01	0	0	0	0	0	0
UK00	0	0	0	0	0	0
UKNI	0	0	0	0	0	0
LUB1	0	0	0	0	0	0
LUF1	0	0	0	0	0	0
total 	13608	13488	14664	12624	16632	13200
