AL00	0	0	0	0	0	0
AT00	0	0	0	0	0	0
BA00	0	0	0	0	0	0
BE00	0	0	0	0	0	0
BG00	0	0	0	0	0	0
CH00	0	0	0	0	0	0
CY00	0	0	0	0	0	0
CZ00	0	0	0	0	0	0
DE00	0	17962.299	1888.2149999999965	0	104358.90000000001	344.6999999999971
DKE1	0	0	0	0	0	0
DKKF	0	0	0	0	0	0
DKW1	0	0	0	0	0	0
EE00	82581.21899000001	92480.90706875379	102183.09008999998	142868.70244942154	92160.26642	128947.28555962023
EL00	0	0	0	0	0	0
EL03	0	0	0	0	0	0
ES00	0	0	0	0	0	0
FI00	3351740.9830281283	4033698.0464732856	5136963.452746232	4776166.004606491	4032901.3501000036	6855020.2858770825
FR00	0	0	0	0	0	0
FR15	83741.36105999998	64804.38610999999	55977.181530000234	113612.14522999777	127376.24831000014	54943.08400000002
HR00	0	0	0	0	0	0
HU00	0	0	0	0	0	0
IE00	0	0	0	0	0	0
ITCN	0	0	0	0	0	0
ITCS	0	0	0	0	0	0
ITN1	0	0	0	0	0	0
ITS1	0	0	0	0	0	0
ITSA	0	0	0	0	0	0
ITSI	0	0	0	0	0	0
LT00	20690.96	25367.260000000002	23320.26	44549.69999999999	30071.788099999994	35720.59999999999
LUG1	0	24	16	0	152	8
LV00	46864.24325	50293.625360000005	50541.86138999999	81051.38274000002	54164.48013	56655.80000000001
ME00	0	0	0	0	0	0
MK00	0	0	0	0	0	0
MT00	0	0	0	0	0	0
NL00	0	0	0	0	1409.2999999999993	0
NOM1	187533.23885000002	672306.565	604441.3882999998	540165.8166099996	644521.4984100002	1092339.8610000003
NON1	153705.90300000002	686321.4416400002	674046.8175300003	614078.5223200002	579719.5839400004	1146199.4989268887
NOS0	594106.8285699981	2205576.7620000015	1829752.6768699992	1998824.6255798328	1876416.5561999993	3352511.6752910046
PL00	0	0	0	0	0	0
PT00	0	0	0	0	0	0
RO00	0	0	0	0	0	0
RS00	0	0	0	0	0	0
SE01	14765.22	51898.741999999984	76800.19717999999	48670.119999999995	54686.306	116083.40780999999
SE02	34928.212	91881.10299999997	139065.476	96991.95907172943	97533.80200000001	211885.54684828458
SE03	126550.529	350571.375	491786.6353699999	380147.51099999994	326552.2136499999	745322.915
SE04	40397	77105.215	107528.47996	92047.28999999998	94099.3510759186	183462.733
SI00	0	0	0	0	0	0
SK00	0	0	0	0	0	0
TR00	102950425.37899981	83298122.18499981	61435565.86299985	89073478.87199998	98348935.89899997	35902414.09299992
UA01	0	0	0	0	0	0
UK00	0	0	0	0	0	0
UKNI	0	0	0	0	0	0
LUB1	0	0	0	0	0	0
LUF1	0	0	0	0	0	0
total 	13608	13488	14664	12624	16632	13200
