AL00	0	0	0	0	0	0
AT00	38794.77999999997	13235.119999999964	129299.93799999994	145223.52072799968	101620.46267999984	71116.694268
BA00	0	0	0	0	0	0
BE00	95528.04738569682	92796.19220867935	127769.76415061447	181130.43373399985	372564.2265799364	109604.23599599992
BG00	0	0	0	0	0	0
CH00	0	0	0	4269.080000000002	1132.579999999998	0
CY00	0	0	0	0	0	0
CZ00	73749.60989599992	44885.0043699999	96755.21699999998	227730.17483399957	173275.87070999993	105111.51316599979
DE00	4666462.787695239	3336417.727302886	3269936.431984513	6941806.502833215	5400760.6795817865	3752787.860137826
DKE1	157139.97062199985	98375.01843399984	163669.52299999993	302915.0231650635	275571.7030421268	283678.8396979997
DKKF	0	0	0	0	0	0
DKW1	110258.39500000002	37818.228171999996	214340.97900000005	264240.96252600005	262079.82876999985	154246.17299999992
EE00	688601.6520055042	674722.1038367079	808062.8231697085	1009204.4087229673	714676.8570567032	792828.0172196017
EL00	0	0	0	0	0	0
EL03	0	0	0	0	5.0600000000004	0
ES00	0	0	0	0	0	0
FI00	43646956.660480715	43411704.12419477	48897265.033402376	56847831.2425818	43624949.3566595	49302980.32780322
FR00	0	0	0	0	0	0
FR15	882252.0695079983	704617.9537019935	620708.5125439978	866600.6056699947	1009328.1993099994	525142.8055859974
HR00	0	0	0	0	0	0
HU00	0	0	6168.499999999996	7141.18002799999	0	7545.372999999999
IE00	0	0	0	0	0	0
ITCN	0	0	0	0	0	0
ITCS	0	0	0	0	0	0
ITN1	0	0	0	0	0	0
ITS1	0	0	0	0	0	0
ITSA	0	0	0	0	0	0
ITSI	0	0	0	0	0	0
LT00	336573.6176537685	333021.9183993998	315923.31071799976	537411.2647605797	320334.9664157213	398141.61322575127
LUG1	102771.8990919998	50506.95366199989	98579.23599999995	230972.3979799998	106266.48198799991	104942.69696999995
LV00	1126062.0399359995	1060284.5598168238	1107231.838475838	2097924.840180271	1266397.1021445037	1508939.935238439
ME00	0	0	0	0	0	0
MK00	0	0	0	0	0	0
MT00	0	0	0	0	0	0
NL00	616230.648974332	556291.3138190382	455653.46496521716	975150.7977099995	1102123.5250617093	452151.21983937727
NOM1	6990919.7247783225	6998267.682023997	8128594.533539199	8954380.42013399	7431271.713550002	8226394.441536
NON1	6505396.742106727	6416690.831194003	7527175.712440005	8047964.987310973	6558762.1416239645	7554349.435535995
NOS0	18202673.64081015	18623817.940027315	21314976.821556363	23475337.02647897	19368667.870061725	21718660.021858238
PL00	207726.28387799964	122307.77213599981	335688.21313399955	719247.9843010983	219078.93234599987	353248.6102599995
PT00	0	0	0	0	0	0
RO00	891267.4796550003	423249.2182075197	64742.94074999995	650229.6135968859	238089.56158799975	125325.05519729274
RS00	0	0	0	0	0	0
SE01	845427.6164105108	921262.6739999998	1030792.9661467252	1241485.4333046176	890987.9452005271	1159969.7510030011
SE02	1394948.5799999998	1522873.6521782784	1734400.5651791927	1995144.3403418716	1468483.4421741	1915334.2624000004
SE03	4638344.492343617	5570036.8691229345	7044863.834708144	6834047.449417216	6044545.71787285	7712731.849113997
SE04	1657765.5002160673	1819369.057840848	2324945.4595928285	2819183.293846949	2163118.911223999	3049026.617207576
SI00	0	0	0	0	0	0
SK00	24848.185869999965	22636.219915999976	34207.099701999934	68924.08402599997	48885.885895999985	70284.77653599998
TR00	328708542.23399884	323681453.2949985	319603845.7140006	283393446.82900006	383949699.30100054	261937067.73000026
UA01	2613.5789299999833	88.72000000000003	2545.479999999998	3819.4399999999987	3379.4800000000005	5315.299999999999
UK00	0	0	0	1179.3800000000047	0	0
UKNI	0	0	0	350	0	0
LUB1	0	0	0	0	0	0
LUF1	0	0	0	0	0	0
total 	13608	13488	14664	12624	16632	13200
