AL00	0	0	0	0	0	0
AT00	0	0	0	0	0	0
BA00	0	0	0	0	0	0
BE00	0	0	0	0	0	0
BG00	0	0	0	0	0	0
CH00	0	0	0	0	0	0
CY00	0	0	0	0	0	0
CZ00	0	0	0	0	0	0
DE00	0	0	0	0	0	0
DKE1	0	0	0	0	0	0
DKKF	0	0	0	0	0	0
DKW1	0	0	0	0	0	0
EE00	29937.899999999998	39024.717970000005	42660.07943000001	81206.4	42338.32000000001	76150.86299999998
EL00	0	0	0	0	0	0
EL03	0	0	0	0	0	0
FI00	498168.37638248515	870959.8977227679	1450091.8644002217	572896.8626900006	1050461.2326892368	1725566.5603324242
FR00	0	0	0	0	0	0
FR15	88.70000000000005	414.86000000000024	418.7600000000002	160	611.7	0
HR00	0	0	0	0	0	0
HU00	0	0	0	0	0	479.89999999999964
IE00	0	0	0	0	0	0
ITCN	0	0	0	0	0	0
ITCS	0	0	0	0	0	0
ITN1	0	0	0	0	0	0
ITS1	0	0	0	0	0	0
ITSA	0	0	0	0	0	0
ITSI	0	0	0	0	0	0
LT00	8598.299999999997	11698.904000000002	13527.3	25789.5916	12390.42	23307.661999999997
LUG1	0	0	0	0	0	0
LV00	11869.179999999993	15048.25769	18491.89642	29073.177219999994	17440.244100000004	26659.695499999994
ME00	0	0	0	0	0	0
MK00	0	0	0	0	0	0
NL00	0	0	0	0	0	0
NOM1	89904.51436999999	442670.9624519105	380406.81557000004	153174.34471000006	203494.81100000002	498924.4883842599
NON1	92594.96155999992	556345.4436000002	477739.5526299995	235596.9169	235739.13519999993	684308.9244399997
NOS0	314926.69600000005	1142722.114999999	1049154.5113599997	552997.9201959149	573892.3014199998	1399389.0543800015
PL00	0	0	0	0	0	0
PT00	0	0	0	0	0	0
RO00	0	0	0	0	0	0
RS00	0	0	0	0	0	0
SE01	5628.244539999998	23962.547	46349.646	14571.312	26865.35422999996	53770.842999999986
SE02	20506.698000000004	44412.178	84920.66533383162	32371.627	52153.136	111638.6879599999
SE03	71790.52300000002	163500.90582	304291.58961999987	139538.33999999997	159120	425495.86299999995
SE04	23319.4	55269.23100000001	95155.60999999999	45651.3	45936	134898.54999484983
SI00	0	0	0	0	0	0
SK00	0	0	0	0	0	0
TR00	0	0	0	0	0	0
UA01	0	0	0	0	0	0
UK00	0	0	0	0	0	0
UKNI	0	0	0	0	0	0
ES00	0	0	0	0	0	0
MT00	0	0	0	0	0	0
LUB1	0	0	0	0	0	0
LUF1	0	0	0	0	0	0
total 	13608	13488	14664	12624	16632	13200
