AL00	0	0	0	0	0	0
AT00	0	0	0	0	0	2.179999999989377
BA00	0	0	0	0	0	0
BE00	2465.5999999999985	213.35999999999694	21298.679999999993	11892.939999999966	30197.89999999998	25617.039999999986
BG00	0	0	0	0	0	0
CH00	0	0	0	0	0	0
CY00	0	0	0	0	0	0
CZ00	0	0	0	0	0	0
DE00	216075.96436999956	38428.41971599983	231272.06836799972	399235.3290915185	268518.8788719999	263568.07999999996
DKE1	0	0	0	0	0	0
DKKF	0	0	0	0	0	0
DKW1	0	0	0	0	0	0
EE00	591811.5203978176	626496.5697325292	688464.1065705763	878450.0028226326	622466.1850992971	709689.1491260001
EL00	0	0	0	0	0	0
EL03	0	0	0	0	0	0
FI00	22725235.073813092	27965092.443585858	29587031.012474835	36842786.792305425	22812810.98031427	36274902.4200829
FR00	0	0	0	0	0	0
FR15	11404.024989999998	9903.87658800001	7025.359999999993	12397.042097999989	20304.151455999992	5901.719999999995
HR00	0	0	0	0	0	0
HU00	4690.039999999997	10069.379999999992	0	2361.079999999998	0	28518.975999999995
IE00	0	0	0	0	0	0
ITCN	0	0	0	0	0	0
ITCS	0	0	0	0	0	0
ITN1	0	0	0	0	0	0
ITS1	0	0	0	0	0	0
ITSA	0	0	0	0	0	0
ITSI	0	0	0	0	0	0
LT00	229722.26527658215	225695.6616419999	248617.03758945075	343362.3518667166	248957.77143177384	254516.83628200003
LUG1	100679.98315208119	88858.42746709537	72959.10493677249	115027.31605703365	157533.88719238507	92309.26890606471
LV00	607289.9346952436	574851.403677435	486750.04902199993	937179.7213264192	626902.0058469247	705078.0606018569
ME00	0	0	0	0	0	0
MK00	0	0	0	0	0	0
NL00	6973.519999999975	432.47999999999956	26019.39553599994	9095.379999999992	36278.43999999997	29492.05999999992
NOM1	4351338.133134464	5125402.979765727	5626677.811126583	6418998.299884981	4557433.602879567	6662502.062999996
NON1	4062583.8449134645	4914785.673372555	5529851.460338785	6062835.093137445	4376253.150371999	6265811.40986076
NOS0	10676982.098617127	12852657.6529053	13675337.145095505	16396456.439170865	11228291.223075867	16724836.346315315
PL00	0	0	0	0	0	0
PT00	0	0	0	0	0	0
RO00	0	0	0	0	0	0
RS00	0	0	0	0	0	0
SE01	496547.18299999984	664400.4714343853	670984.6179999999	915467.5448119999	549246.7886776088	899877.319
SE02	852072.2374955523	1092882.2311222076	1133082.606364	1476944.2335899998	925806.1080000001	1437200.6825499998
SE03	2763011.4315447602	3363699.341732583	3573185.80931565	4482311.968182528	2941844.0861982647	4387020.768029386
SE04	812131.7395059995	987296.244348	1044869.9259239999	1273612.5105879998	863028.0027839995	1249481.7866959986
SI00	0	0	0	0	0	0
SK00	0	0	0	0	0	0
TR00	0	0	0	0	0	0
UA01	0	0	0	0	0	0
UK00	0	0	0	0	0	0
UKNI	0	0	0	0	0	0
ES00	0	0	0	0	0	0
MT00	0	0	0	0	0	0
LUB1	0	0	0	0	0	0
LUF1	0	0	0	0	0	0
total 	13608	13488	14664	12624	16632	13200
