AL00	0	0	0	0	0	0
AT00	0	0	0	0	0	0
BA00	0	0	0	0	0	0
BE00	0	0	0	0	0	1158.1300000000028
BG00	0	0	0	0	0	0
CH00	0	0	0	0	0	0
CY00	0	0	0	0	0	0
CZ00	0	0	0	0	0	0
DE00	0	0	0	0	27948.76000000011	18598.390000000043
DKE1	0	0	0	0	0	0
DKKF	0	0	0	0	0	0
DKW1	0	0	0	0	0	0
EE00	217578.32396176463	265763.83666688995	245548.35879330247	358656.6958465124	234528.17194840565	323067.5533030003
EL00	0	0	0	0	0	0
EL03	0	0	0	0	0	0
FI00	5835600.066376375	9394037.686658785	9006528.138854275	8656749.861443961	6232902.125528792	14351050.829501817
FR00	0	0	0	0	0	0
FR15	1889.7500000000043	2474.5756550000037	1768.630000000003	2498.8712090000045	5078.98553300001	813.0000000000022
HR00	0	0	0	0	0	0
HU00	0	372.2500000000018	0	0	0	9887.000000000015
IE00	0	0	0	0	0	0
ITCN	0	0	0	0	0	0
ITCS	0	0	0	0	0	0
ITN1	0	0	0	0	0	0
ITS1	0	0	0	0	0	0
ITSA	0	0	0	0	0	0
ITSI	0	0	0	0	0	0
LT00	66455.74760800005	80640.19636230318	74197.679291	127684.53885700002	79828.21230600002	104920.28266376197
LUG1	0	398.19000000000096	400.4905015222073	320.1034470000018	1848.7582100000213	1009.4732820000083
LV00	129322.46454599981	133838.8819610001	102541.74279300008	238892.27530543308	138336.93411600005	184050.76606500006
ME00	0	0	0	0	0	0
MK00	0	0	0	0	0	0
NL00	0	0	0	0	49.950000000004366	2497.1600000000126
NOM1	1240599.3120000002	1996080.0446449996	1730897.3610000007	2159408.4750000034	1549409.6118880003	2813472.4413503357
NON1	1289263.163000002	1964343.0622380008	1751330.204449	2320848.706049002	1523889.314307002	2863024.3498000004
NOS0	3162480.2900570077	4952313.9271423295	4496863.967326344	5879826.703066974	4011612.548483861	7203897.039000007
PL00	0	0	0	0	0	0
PT00	0	0	0	0	0	0
RO00	0	0	0	0	0	0
RS00	0	0	0	0	0	0
SE01	114142.03500000003	224130.85400000002	220804.47500000015	210631.30610600015	149482.54000000004	342626.94200000004
SE02	202159.39400000003	383561.8258700002	377187.7362380002	410973.6128570001	260529.0170000001	562804.605
SE03	720262.1067960006	1247896.8923950023	1237869.7851390007	1487512.1975891117	951460.7148527693	1766103.0613790012
SE04	228127.35700000008	371401.76933138055	365334.5685150007	462278.7395450012	289496.51	522836.352
SI00	0	0	0	0	0	0
SK00	0	0	0	0	0	0
TR00	0	0	0	0	0	0
UA01	0	0	0	0	0	0
UK00	0	0	0	0	0	0
UKNI	0	0	0	0	0	0
ES00	0	0	0	0	0	0
MT00	0	0	0	0	0	0
LUB1	0	0	0	0	0	0
LUF1	0	0	0	0	0	0
total 	13608	13488	14664	12624	16632	13200
