AL00	0	0	0	0	0	0
AT00	3706.499999999998	1535.4799999999977	42889.59941199916	77504.26543399994	36391.83999999998	41247.54
BA00	0	0	0	0	0	0
BE00	248864.81670168182	206647.15165399964	286290.5397695493	618465.4357240301	807661.0686585605	395734.607552
BG00	0	0	0	0	0	0
CH00	0	0	0	24284.70689999997	6419.979999999998	0
CY00	0	0	0	0	0	0
CZ00	64108.50543799985	65008.43999999999	199851.01887738265	294444.1394199999	259058.75231799987	160704.84743999984
DE00	1084612.437558018	863959.8082373617	1309315.2937104085	2787869.128723133	2099449.4972762726	1465661.8277206987
DKE1	13710.288601999848	10423.793599999957	80396.07999999994	120077.70732999993	31391.619833999783	54513.793085999925
DKKF	0	0	0	0	0	0
DKW1	49756.8178659999	37018.7972259999	154039.13433799986	321018.4179079996	175777.8301539999	139968.3408199999
EE00	360163.0766970381	424250.64181490324	431057.3085958215	609366.2278776016	378646.1820133996	494382.6471068268
EL00	0	0	0	0	0	0
EL03	0	0	0	0	0	0
ES00	44857.15999999997	27032.77999999997	38950.17999999999	62900.179999999964	190549.46125599975	51911.699999999946
FI00	13291818.147575788	19054257.82862857	19163402.608606186	24770157.378418498	14877227.736126974	25190659.91731128
FR00	131606.09999999992	303500.75999999995	326437.33693665476	894289.1653424994	1371841.6437899992	636671.9730075389
FR15	78045.526724	60421.30665199993	56375.696010001084	117718.10308599776	124266.5298879999	49867.94300799996
HR00	6	14	32	123	119	116
HU00	0	0	7503.059999999991	4998.821169999984	5091.7999999999965	6029.04146399995
IE00	0	0	1159.8999999999996	10001.359999999986	2360.2999999999993	0
ITCN	1821.060000000005	3795	8096	20077.26	22759.150818779035	17000.079999999987
ITCS	0	0	0	0	0	0
ITN1	13069.179999999971	24660	57062.48807279495	119378.86260399997	169706.32410147914	121899.61031565447
ITS1	0	0	0	0	0	0
ITSA	0	0	0	0	0	0
ITSI	0	0	0	0	0	0
LT00	186698.63126381437	183325.58489044287	178676.592	347112.25011186535	202158.62183465186	262499.92651113955
LUG1	163263.51071406214	108484.62270348865	169915.80477017033	382093.9489439541	266951.4229947569	184203.82282393496
LV00	565034.2185481179	472465.4291925049	442233.36590808665	1286103.2568680102	662747.2506858483	658496.9426504272
ME00	0	0	0	0	0	0
MK00	0	0	0	0	0	0
MT00	0	0	0	0	0	0
NL00	393825.8628619996	324375.3934259998	453238.7496862518	864400.266529644	1079884.1236775909	532470.2392432508
NOM1	2334382.9536720016	3273483.2111622994	3277273.545802	4403628.954258	2713401.7542906255	4374809.226714062
NON1	2053095.7523099796	3016994.467119998	3040056.3467914206	4062946.598526139	2417259.845999999	4021259.452357999
NOS0	6521249.932944644	8754176.868990099	8849975.12229234	12550726.432941234	7297195.835015995	11741038.069700737
PL00	33606.78617799987	16269.658647999975	163543.73422199997	310631.0816379995	64313.55704999992	114368.0226099999
PT00	5412.619999999999	5967.539999999997	8551.979999999987	10938.239999999993	32649.619999999966	13561.439999999975
RO00	0	0	0	0	0	0
RS00	0	0	0	0	0	0
SE01	0	0	0	0	0	0
SE02	0	0	0	0	0	0
SE03	895.2634859999853	0	7804.03999999999	16999.559999999983	5601.881599999975	7967.639999999998
SE04	23706.380517128506	9696.199999999993	59670.69999999995	144079.16725999975	28750.859999999975	78797.85360799966
SI00	280	600	1560	13378.380000000003	6136.220000000001	9500.579999999994
SK00	13252.679999999982	5514.8200000000015	79179.8834130467	107729.43721199983	29167.159999999956	80678.88968799995
TR00	0	0	0	0	0	0
UA01	0	0	151.51999999999975	218.92000000000007	0	297.8399999999997
UK00	0	0	16148.740000000005	24490.459999999992	5565.399999999965	1688.8600000000006
UKNI	0	0	417.0599999999977	5290.419999999998	476.65999999999985	0
LUB1	0	0	0	0	0	0
LUF1	0	0	0	0	0	0
total 	13608	13488	14664	12624	16632	13200
