AL00	0	0	0	0	0	0
AT00	0	0	0	0	591.9500000000007	0
BA00	0	0	0	0	0	0
BE00	10819.935347000046	5830.21938900002	0	25853.213497000183	80903.1239800001	27351.094258000063
BG00	0	0	0	0	0	0
CH00	0	0	0	0	0	0
CY00	0	0	0	0	0	0
CZ00	0	1366.6500000000015	0	10473.730000000061	28078.490000000027	0
DE00	63694.180000000066	53401.630000000034	12712	170732.82433800033	207308.28974478116	180353.88075845328
DKE1	0	0	0	0	116.66000000000031	0
DKKF	0	0	0	0	0	0
DKW1	0	0	0	625.6200000000017	10342.984700000012	3913.1092110002583
EE00	91074.90623107798	117166.93328072909	113148.93772151906	171027.40508802433	105039.47378077498	182499.68999999997
EL00	0	0	0	0	0	0
EL03	0	0	0	0	0	0
ES00	2254.4800000000105	17019.52000000002	0	13602.550000000017	18096.50000000006	0
FI00	2151319.877343931	4243848.811831535	4516438.818647186	3134200.97486881	2665987.74437073	7889774.849627822
FR00	0	60088.80000000005	0	80433.7800000001	136950.69189200082	5972.000000000015
FR15	20463.865419000023	16608.059230000017	10501.167010000025	22268.842002000023	33861.092134000035	9480.633283000012
HR00	0	0	0	3	0	0
HU00	0	0	0	0	0	0
IE00	0	0	0	0	0	0
ITCN	0	0	0	1171.2900000000182	1012	0
ITCS	0	0	0	0	0	0
ITN1	0	0	0	10440.840000000011	8840.450000000026	0
ITS1	0	0	0	0	0	0
ITSA	0	0	0	0	0	0
ITSI	0	0	0	0	0	0
LT00	34059.52000000002	53854.44316045526	37159.31000000001	89507.03495733048	61270.65357299996	77186.59973500003
LUG1	312	5427.72	72	12673.970000000125	27237.131613000016	5620.2400000000025
LV00	107204.44780400011	107198.9419470001	52934.12617300006	266291.4609516184	144756.8561453036	166233.3643209997
ME00	0	0	0	0	0	0
MK00	0	0	0	0	0	0
MT00	0	0	0	0	0	0
NL00	36462.18994400003	0	0	39868.75314000007	93583.42934200016	53197.15000000003
NOM1	306899.907	733528.503505	850819.6650000005	582475.9849820004	517581.4350000001	1401617.1660000004
NON1	273203.87811600044	674007.1440000002	819791.6430000003	566284.8574295953	446359.3603680003	1330633.3139999993
NOS0	796520.701	2087844.365090001	2504999.953932002	1992797.0613205468	1521037.2571881714	3930664.70000087
PL00	0	0	0	0	0	0
PT00	0	759.1800000000039	0	0	0	0
RO00	0	0	0	0	0	0
RS00	0	0	0	0	0	0
SE01	0	0	0	0	0	0
SE02	0	0	0	0	0	0
SE03	0	0	0	0	0	0
SE04	0	0	0	0	0	0
SI00	0	0	0	200	0	0
SK00	0	0	0	0	0	0
TR00	0	0	0	0	0	0
UA01	0	0	0	0	0	0
UK00	0	0	0	0	0	0
UKNI	0	0	0	0	0	0
LUB1	0	0	0	0	0	0
LUF1	0	0	0	0	0	0
total 	13608	13488	14664	12624	16632	13200
