AL00	0	0	0	0	0	0
AT00	0	0	0	0	0	0
BA00	0	0	0	0	0	0
BE00	0	0	0	0	0	0
BG00	0	0	0	0	0	0
CH00	0	0	0	0	0	0
CY00	0	0	0	0	0	0
CZ00	0	0	0	0	0	0
DE00	0	0	0	0	0	0
DKE1	0	0	0	0	0	0
DKKF	0	0	0	0	0	0
DKW1	0	0	0	0	0	0
EE00	3358.3000000000006	12453.199999999997	352.0600000000002	25822.687870000005	12899.890692007471	8651.299999999997
EL00	0	0	0	0	0	0
EL03	0	0	0	0	0	0
ES00	0	0	0	0	0	0
FI00	0	65183.708959999974	0	46401.9145075537	14306.49219999984	2240.66
FR00	0	0	0	0	0	0
FR15	2449.6211399999993	3878.6448799999994	1987.3000000000002	3293.50539	7817.88284	854.0000000000001
HR00	0	0	0	0	0	0
HU00	0	0	0	0	0	0
IE00	0	0	0	0	0	0
ITCN	0	0	0	0	0	0
ITCS	0	0	0	0	0	0
ITN1	0	0	0	0	0	0
ITS1	0	0	0	0	0	0
ITSA	0	0	0	0	0	0
ITSI	0	0	0	0	0	0
LT00	966.9999999999995	4203.759999999999	132.39999999999964	9710.573469999996	7101.904710000001	3759.9000000000005
LUG1	0	0	0	0	0	0
LV00	1122.1033436308257	10037.107458309565	144	20795.155069999993	12737.220000000001	3727.485759999994
ME00	0	0	0	0	0	0
MK00	0	0	0	0	0	0
MT00	0	0	0	0	0	0
NL00	0	0	0	0	0	0
NOM1	0	0	0	0	0	0
NON1	0	0	0	0	0	0
NOS0	0	0	0	0	0	0
PL00	0	0	0	0	0	0
PT00	0	0	0	0	0	0
RO00	0	0	0	0	0	0
RS00	0	0	0	0	0	0
SE01	0	0	0	0	0	0
SE02	0	0	0	0	0	0
SE03	0	0	0	0	0	0
SE04	0	0	0	0	0	0
SI00	0	0	0	0	0	0
SK00	0	0	0	0	0	0
TR00	0	0	0	0	0	0
UA01	0	0	0	0	0	0
UK00	0	0	0	0	0	0
UKNI	0	0	0	0	0	0
LUB1	0	0	0	0	0	0
LUF1	0	0	0	0	0	0
total 	13608	13488	14664	12624	16632	13200
